61527
6234
62351
62649
64315
65517
7148
74354
9844
9109
91941
92734
93530
94941
95150
95539
95811
10017
10819
101228
102621
103542
103851
104353
104910
105054
105247
11143
112017
11304
11347
114555
115234
11571
124857
13010
131517
132415
132545
134654
13574
14840
141617
14220
143046
144229
145331
151225
151647
151657
15573
155747
155857
16228
16619
16752
16910
16916
162429
162645
16272
16289
162921
163354
163451
163739
164621
164634
164640
164853
164959
165554
17026
17314
17417
17457
17714
17850
17136
171533
171617
171617
172111
172141
172228
172457
173020
173344
17358
173947
174022
174031
174233
174247
174418
174848
17586
18111
183537